7.0433941734374015 877
0.01436521 -0.02266511 0.6441999 -0.006796875 -0.0040356447 -0.001168213
0.012449848 -0.01755748 0.6684611 1.0620117E-4 0.0012744141 0.0016992188
0.01851516 -0.0047884034 0.6416461 0.001168213 0.002336426 -0.00180542
0.012449848 -0.009576807 0.6480306 -0.0040356447 0.0014868164 -0.0012744141
0.022026656 0.0015961344 0.64004993 -5.3100585E-4 0.0013806152 -0.004672852
0.010853714 -0.019153614 0.652819 -0.009451904 0.0010620117 -0.0033984375
0.01851516 -0.005426857 0.65090364 -0.004248047 9.558106E-4 -0.0020178223
0.014684437 -0.027453512 0.64260375 -0.005947266 -3.1860353E-4 -0.0016992188
0.016919024 -0.021388201 0.6464345 -0.003717041 0.001168213 1.0620117E-4
0.011811395 -0.01851516 0.6493075 -7.434082E-4 -0.001168213 0.001168213
0.013726756 0.0019153614 0.64068836 -0.0015930176 -1.0620117E-4 -0.0045666504
0.012449848 -0.018834386 0.65026516 -0.0013806152 -3.1860353E-4 0.001168213
0.016280571 -0.018195933 0.6588843 -0.008071289 4.248047E-4 -8.496094E-4
0.01851516 -0.019472841 0.652819 -0.014124756 -5.3100585E-4 -0.0025488283
0.011811395 -0.01851516 0.6493075 0.0025488283 1.0620117E-4 7.434082E-4
0.017876707 -0.016599799 0.66111887 -0.0043542483 7.434082E-4 6.3720706E-4
0.019472841 -0.0076614455 0.65218055 -0.0073278807 -0.00361084 -1.0620117E-4
0.024899697 -0.011811395 0.64483833 -8.496094E-4 9.558106E-4 0.001168213
0.012449848 0.0025538153 0.64547676 5.3100585E-4 -1.0620117E-4 -0.0015930176
0.02553815 -0.0067037647 0.6524998 -0.009133301 -0.0019116212 -0.002973633
0.032561142 0.0051076305 0.64962673 -0.008389892 -0.0013806152 -0.0013806152
0.016280571 -0.029049646 0.65090364 -0.024744872 -0.003929443 -4.248047E-4
0.015642118 -0.034476504 0.6489883 -0.023258056 -0.004779053 -0.0012744141
0.015961345 -0.021388201 0.6592035 -0.012319336 -0.00180542 9.558106E-4
0.015003664 -0.039584137 0.65696895 -0.021983642 -0.003929443 0.002336426
0.005746084 -0.018834386 0.65633047 -0.009133301 -0.0021240234 0.002442627
0.02266511 -0.08012595 0.9493808 -0.031435546 -0.14836304 -0.050233155
0.012769075 -0.05011862 0.9248003 -0.029099122 -0.109918214 -0.03897583
0.0022345884 -0.02553815 0.7559293 -0.0075402833 -0.009451904 8.496094E-4
0.016280571 -0.0038307228 0.7945557 -0.012850342 -0.02081543 -0.0025488283
-0.005746084 -0.06544151 0.908839 -0.030373534 -0.07784546 -0.027506104
0.01851516 -0.019472841 0.85903955 -0.013806152 -0.033240966 -0.008071289
-0.008299899 -0.048522487 0.87308556 -0.02081543 -0.049489744 -0.01624878
0.0031922688 -0.013407529 0.74156404 0.002336426 -0.002442627 0.002973633
-0.015961345 -0.14429055 1.0065224 -0.0271875 -0.18797608 -0.06159668
-0.05171476 -0.13024457 0.98673034 -0.008708497 -0.234917 -0.073172614
0.070549145 -0.25825456 0.7121952 -0.07699585 -0.45209843 -0.16641724
0.101514146 -0.124817714 0.65090364 -3.1860353E-4 -0.4516736 -0.181604
0.019153614 -0.27006593 0.80445176 -0.11937012 -0.42799073 -0.15016845
-0.016280571 -0.12896767 0.8797893 -0.08687256 -0.3706421 -0.1255298
-0.046287898 -0.063206926 0.95257306 -0.026550293 -0.30192992 -0.09377564
0.12737153 -0.06895301 0.5267244 0.023789063 -0.46038207 -0.19647217
0.20334752 -0.06416461 0.42584866 -0.005628662 -0.48215333 -0.19148073
0.2956041 -0.009576807 0.21867041 0.0015930176 -0.48279053 -0.1707715
0.26495832 -0.026495833 0.3169923 -0.015717773 -0.4902246 -0.17937377
0.0044691768 -0.010215261 0.6994261 0.0052038576 -1.0620117E-4 0.0026550293
0.32337683 0.036711093 0.18962078 0.006159668 -0.47344485 -0.15877075
0.27517357 0.06384538 0.1305638 0.0055224607 -0.45857668 -0.16323121
0.27230054 0.042457175 0.009576807 0.009451904 -0.4443457 -0.1544165
0.31763077 0.077891365 -0.046287898 0.008071289 -0.43680543 -0.14815064
0.33327287 0.099918015 -0.054907024 0.0050976565 -0.4219373 -0.15176147
0.32816523 0.09002198 -0.13630988 0.010513916 -0.3877405 -0.14230958
0.33423054 0.06416461 -0.07406064 0.006053467 -0.40175906 -0.14549561
0.36551479 0.18323623 -0.20270906 0.025700685 -0.37690797 -0.14443359
0.40286434 0.26878902 -0.27708894 0.045454103 -0.36596924 -0.14315918
0.45138684 0.2847504 -0.4092489 0.033134766 -0.32943603 -0.11915772
0.43414858 0.2812389 -0.36583403 0.04609131 -0.3518445 -0.13158324
0.47437117 0.3205038 -0.54013187 0.0052038576 -0.26890138 -0.115971684
0.45904827 0.2790043 -0.43510625 0.019541016 -0.3002307 -0.11692749
0.48522487 0.46032518 -0.70644915 0.0041418457 -0.23056276 -0.11013062
0.5066131 0.53342813 -0.74156404 0.007434082 -0.18032959 -0.09207641
0.51012456 0.5308743 -0.7524178 0.0010620117 -0.1171399 -0.06541993
0.50629383 0.52800125 -0.7192182 -0.026868898 0.010195313 -0.004672852
0.5059746 0.50405926 -0.676761 -0.012106934 0.06541993 0.029311523
0.49160942 0.4475561 -0.62823856 -0.0152929695 0.11140503 0.063933104
0.48618257 0.40605658 -0.56375474 -0.04439209 0.19084351 0.116290286
0.48235184 0.4204218 -0.59025055 -0.030161133 0.1535669 0.092926025
0.48490566 0.3964798 -0.5350243 -0.04333008 0.2267395 0.13976075
0.472775 0.38179538 -0.48586333 -0.041418456 0.26465333 0.16259399
0.4580906 0.34668043 -0.42169872 -0.04598511 0.30426636 0.18510865
0.42744482 0.30326554 -0.34253043 -0.04333008 0.34334838 0.20645508
0.41307962 0.23782404 -0.23910095 -0.021240234 0.37828857 0.22429688
0.37892234 0.18291701 -0.20366675 0.002973633 0.4092993 0.23767821
0.3265691 0.110133275 -0.079487495 0.0044604493 0.43616825 0.25159058
0.27485433 -0.010853714 -0.0041499496 -0.0022302247 0.4618689 0.2641223
0.25027388 -0.0772529 0.042776402 -0.019647216 0.46792236 0.26773316
0.20270906 -0.05650316 0.09864111 -0.024744872 0.4704712 0.26847655
0.12769076 -0.11683704 0.27261975 -0.0066906745 0.4878882 0.26953858
0.073422186 -0.27485433 0.32912293 -0.017416993 0.4961719 0.27346802
0.08587204 -0.3169923 0.3396574 -0.069880374 0.4713208 0.26815796
0.05746084 -0.23782404 0.33869973 -0.06159668 0.4605945 0.24808595
0.020749748 -0.1934515 0.3894568 0.0010620117 0.4791797 0.25042236
-0.031284235 -0.25697765 0.5819506 0.016142579 0.49033085 0.26051146
-0.1497174 -0.32944214 0.69240314 0.0057348637 0.48321533 0.2527588
-0.20622058 -0.2981579 0.83477837 0.048109133 0.46463013 0.23077515
-0.12034854 -0.33167675 1.119848 0.10280274 0.41832644 0.20687988
3.192269E-4 -0.40956813 1.0949482 0.10705079 0.31924075 0.18234742
0.03926491 -0.35657644 0.9343771 0.09165161 0.18712647 0.12903443
0.05171476 -0.15674041 0.95480764 0.09154541 0.113422856 0.033028565
0.06448384 -0.1947284 0.97523814 0.075509034 0.081031494 -0.019010011
0.072145276 -0.29209262 0.9404424 -0.008920899 0.042161867 -0.0076464848
0.07374141 -0.30645782 0.8647856 -0.053737797 0.019753419 -0.0026550293
0.05746084 -0.21547815 0.82296693 0.002442627 0.029417727 0.009239502
0.07501832 -0.17780939 0.7974288 0.039400633 0.035577394 0.008177491
0.06831455 -0.20366675 0.74603325 0.026337892 0.020709228 0.0010620117
0.08172209 -0.19855912 0.7169836 0.022939455 0.0064782714 -0.002973633
0.10949482 -0.15801732 0.67005724 0.029099122 -0.0019116212 -0.008496094
0.09129889 -0.16408262 0.66654575 0.02984253 -0.005628662 -0.007965088
0.073422186 -0.17014793 0.63909227 0.025382081 -0.0040356447 -0.0057348637
0.066399194 -0.18291701 0.6065311 0.018266601 -0.0075402833 -0.007434082
0.08587204 -0.13630988 0.5755661 0.027506104 -0.00722168 -0.011469727
0.07310296 -0.11045251 0.59855044 0.0452417 0.001168213 -0.014124756
0.07565677 -0.108856365 0.6202578 0.038444825 0.009239502 -0.008708497
0.09129889 -0.14652514 0.6151502 0.00998291 0.0073278807 -9.558106E-4
0.08874508 -0.14365211 0.59982735 0.0063720704 0.0073278807 0.003079834
0.07086837 -0.093852706 0.60812724 0.025913086 0.011151123 0.0038232424
0.07469909 -0.111410186 0.628877 0.02432007 0.009770508 -7.434082E-4
0.08044518 -0.16408262 0.63047314 0.006053467 0.0032922365 -0.0016992188
0.08491435 -0.10662178 0.62217325 0.014337158 0.002973633 -0.0022302247
0.083956674 -0.113964 0.6576074 0.02516968 0.00722168 -0.0055224607
0.09066044 -0.12800999 0.64068836 0.01263794 0.006159668 0.0013806152
0.072145276 -0.15386735 0.63589996 -0.0019116212 0.001168213 0.0012744141
0.08459512 -0.13343684 0.64068836 0.008177491 0.0026550293 0.0015930176
0.089702755 -0.11364477 0.6493075 0.012531738 0.0028674318 -0.0016992188
0.069272235 -0.14109829 0.642923 0.003717041 0.0015930176 -0